# Result from 11 repetitions: median
#       ./bin/node-0.ming589-190606.advosuwmadison-pg0.wisc.cloudlab.us/sq-ll./bin/node-0.ming589-190606.advosuwmadison-pg0.wisc.cloudlab.us/lb-ll_lazy./bin/node-0.ming589-190606.advosuwmadison-pg0.wisc.cloudlab.us/lb-ll_pugh./bin/node-0.ming589-190606.advosuwmadison-pg0.wisc.cloudlab.us/lb-ll_copy./bin/node-0.ming589-190606.advosuwmadison-pg0.wisc.cloudlab.us/lf-ll_harris./bin/node-0.ming589-190606.advosuwmadison-pg0.wisc.cloudlab.us/lf-ll_michael./bin/node-0.ming589-190606.advosuwmadison-pg0.wisc.cloudlab.us/lf-ll_harris_opt
#cores  throughput  %linear scalability throughput  %linear scalability throughput  %linear scalability throughput  %linear scalability throughput  %linear scalability throughput  %linear scalability throughput  %linear scalability 
1       470793      100.00  1           464048      100.00  1           467183      100.00  1           1654166     100.00  1           388410      100.00  1           413836      100.00  1           405907      100.00  1           
2       426721      45.32   0.91        373824      40.28   0.81        370110      39.61   0.79        3075711     92.97   1.86        341425      43.95   0.88        332266      40.14   0.80        341658      42.09   0.84        
3       504920      35.75   1.07        600191      43.11   1.29        582757      41.58   1.25        4380241     88.27   2.65        562170      48.25   1.45        537595      43.30   1.30        559147      45.92   1.38        
4       634207      33.68   1.35        944161      50.87   2.03        926111      49.56   1.98        5457013     82.47   3.30        860819      55.41   2.22        853881      51.58   2.06        861806      53.08   2.12        
5       759688      32.27   1.61        1175997     50.68   2.53        1177640     50.41   2.52        6309993     76.29   3.81        1080310     55.63   2.78        1108440     53.57   2.68        1099822     54.19   2.71        
6       914519      32.38   1.94        1409067     50.61   3.04        1381043     49.27   2.96        7012178     70.65   4.24        1288396     55.29   3.32        1351803     54.44   3.27        1300873     53.41   3.20        
7       1048935     31.83   2.23        1615644     49.74   3.48        1597701     48.86   3.42        7570575     65.38   4.58        1468833     54.02   3.78        1558163     53.79   3.77        1541268     54.24   3.80        
8       1204105     31.97   2.56        1736190     46.77   3.74        1777824     47.57   3.81        8019228     60.60   4.85        1675241     53.91   4.31        1739050     52.53   4.20        1682755     51.82   4.15        
9       1377745     32.52   2.93        1968657     47.14   4.24        1935200     46.03   4.14        8582515     57.65   5.19        1798704     51.45   4.63        1953134     52.44   4.72        1793921     49.11   4.42        
10      1537446     32.66   3.27        2145054     46.22   4.62        2088398     44.70   4.47        8471334     51.21   5.12        1967245     50.65   5.06        2117317     51.16   5.12        1939934     47.79   4.78        
11      1555370     30.03   3.30        2286107     44.79   4.93        2227238     43.34   4.77        4993948     27.45   3.02        2074509     48.55   5.34        2244564     49.31   5.42        2063013     46.20   5.08        
12      1573388     27.85   3.34        2430573     43.65   5.24        2360292     42.10   5.05        4511264     22.73   2.73        2195038     47.09   5.65        2345797     47.24   5.67        2253032     46.26   5.55        
13      1617648     26.43   3.44        2607192     43.22   5.62        2524060     41.56   5.40        4420898     20.56   2.67        2374409     47.02   6.11        2521860     46.88   6.09        2413022     45.73   5.94        
14      1699403     25.78   3.61        2731861     42.05   5.89        2672059     40.85   5.72        4570724     19.74   2.76        2502070     46.01   6.44        2654443     45.82   6.41        2522937     44.40   6.22        
15      1846949     26.15   3.92        2926937     42.05   6.31        2849144     40.66   6.10        4560660     18.38   2.76        2731641     46.89   7.03        2858853     46.05   6.91        2769567     45.49   6.82        
16      2024876     26.88   4.30        3063724     41.26   6.60        3051875     40.83   6.53        4569744     17.27   2.76        2899233     46.65   7.46        2998731     45.29   7.25        2865486     44.12   7.06        
17      2223259     27.78   4.72        3318230     42.06   7.15        3191196     40.18   6.83        4599146     16.35   2.78        3054928     46.27   7.87        3268136     46.45   7.90        3042656     44.09   7.50        
18      2455914     28.98   5.22        3440852     41.19   7.41        3458201     41.12   7.40        4636722     15.57   2.80        3282044     46.94   8.45        3384911     45.44   8.18        3314821     45.37   8.17        
19      2732387     30.55   5.80        3714489     42.13   8.00        3592740     40.47   7.69        4753196     15.12   2.87        3432118     46.51   8.84        3656813     46.51   8.84        3596364     46.63   8.86        
20      3031859     32.20   6.44        3907333     42.10   8.42        3872842     41.45   8.29        4814422     14.55   2.91        3741931     48.17   9.63        3826274     46.23   9.25        3658422     45.06   9.01        
21      3324170     33.62   7.06        3962683     40.66   8.54        3949937     40.26   8.45        4680475     13.47   2.83        3803809     46.63   9.79        3921172     45.12   9.48        3795941     44.53   9.35        
22      3629138     35.04   7.71        4233419     41.47   9.12        4068765     39.59   8.71        4615626     12.68   2.79        3959304     46.33   10.19       4108051     45.12   9.93        3899241     43.66   9.61        
23      3868189     35.72   8.22        4190481     39.26   9.03        4193850     39.03   8.98        4709998     12.38   2.85        3967738     44.41   10.22       4144820     43.55   10.02       4082058     43.72   10.06       
24      4169286     36.90   8.86        4473966     40.17   9.64        4404352     39.28   9.43        4785512     12.05   2.89        4088472     43.86   10.53       4267681     42.97   10.31       4134711     42.44   10.19       
25      4428165     37.62   9.41        4470036     38.53   9.63        4673102     40.01   10.00       0           0.00    0.00        4305968     44.34   11.09       4637936     44.83   11.21       4396404     43.32   10.83       
26      4767642     38.95   10.13       4842701     40.14   10.44       4582240     37.72   9.81        4858401     11.30   2.94        4368332     43.26   11.25       4731526     43.97   11.43       4435153     42.03   10.93       
27      5176273     40.72   10.99       4886888     39.00   10.53       4976457     39.45   10.65       0           0.00    0.00        4551994     43.41   11.72       4617272     41.32   11.16       4500117     41.06   11.09       
28      5487910     41.63   11.66       5010101     38.56   10.80       4956399     37.89   10.61       0           0.00    0.00        4785532     44.00   12.32       4932044     42.56   11.92       4769121     41.96   11.75       
29      5773554     42.29   12.26       5304868     39.42   11.43       5165861     38.13   11.06       4912353     10.24   2.97        4889329     43.41   12.59       4986810     41.55   12.05       4854518     41.24   11.96       
30      6120237     43.33   13.00       5490051     39.44   11.83       5447328     38.87   11.66       4909909     9.89    2.97        5193220     44.57   13.37       5237811     42.19   12.66       5290548     43.45   13.03       
31      6354777     43.54   13.50       5561745     38.66   11.99       5579855     38.53   11.94       0           0.00    0.00        5219327     43.35   13.44       5360604     41.79   12.95       5377278     42.73   13.25       
32      6661927     44.22   14.15       5696750     38.36   12.28       5804158     38.82   12.42       0           0.00    0.00        5551989     44.67   14.29       5531638     41.77   13.37       5581159     42.97   13.75       
33      6956656     44.78   14.78       5943513     38.81   12.81       5933708     38.49   12.70       4913881     9.00    2.97        5709487     44.54   14.70       5695071     41.70   13.76       5605680     41.85   13.81       
34      7268665     45.41   15.44       6258681     39.67   13.49       6133338     38.61   13.13       0           0.00    0.00        5683418     43.04   14.63       5888823     41.85   14.23       5841975     42.33   14.39       
35      7565367     45.91   16.07       6174536     38.02   13.31       6291327     38.48   13.47       4877214     8.42    2.95        5977105     43.97   15.39       6012402     41.51   14.53       5951529     41.89   14.66       
36      7866394     46.41   16.71       6416006     38.41   13.83       6465668     38.44   13.84       4886877     8.21    2.95        6191076     44.28   15.94       6015994     40.38   14.54       6040739     41.34   14.88       
37      8138150     46.72   17.29       6658508     38.78   14.35       6720343     38.88   14.38       4935012     8.06    2.98        6133446     42.68   15.79       6345887     41.44   15.33       6153246     40.97   15.16       
38      8509172     47.56   18.07       6683573     37.90   14.40       6555108     36.92   14.03       4922650     7.83    2.98        6545457     44.35   16.85       6354928     40.41   15.36       6417914     41.61   15.81       
39      8616808     46.93   18.30       6879699     38.01   14.83       6837289     37.53   14.64       4735139     7.34    2.86        6546609     43.22   16.85       6626179     41.06   16.01       6421942     40.57   15.82       
40      8951806     47.54   19.01       7159381     38.57   15.43       6947947     37.18   14.87       4743756     7.17    2.87        6977697     44.91   17.96       6744719     40.75   16.30       6908100     42.55   17.02       
41      8986298     46.56   19.09       7309478     38.42   15.75       7052275     36.82   15.10       63563       0.09    0.04        6767355     42.50   17.42       6621210     39.02   16.00       6818570     40.97   16.80       
42      8998852     45.51   19.11       7261988     37.26   15.65       7021366     35.78   15.03       41858       0.06    0.03        6868320     42.10   17.68       6803257     39.14   16.44       6756325     39.63   16.65       
43      8946804     44.19   19.00       7248295     36.32   15.62       7104717     35.37   15.21       30002       0.04    0.02        7007072     41.95   18.04       6903133     38.79   16.68       6790302     38.90   16.73       
44      8870557     42.82   18.84       7178529     35.16   15.47       7016598     34.13   15.02       22120       0.03    0.01        6798018     39.78   17.50       7035447     38.64   17.00       6838487     38.29   16.85       
45      9004173     42.50   19.13       7362036     35.26   15.86       7129280     33.91   15.26       15932       0.02    0.01        6895268     39.45   17.75       6973986     37.45   16.85       6894509     37.75   16.99       
46      8914313     41.16   18.93       7301703     34.21   15.73       7155971     33.30   15.32       20316       0.03    0.01        6856374     38.37   17.65       6913028     36.31   16.70       7040775     37.71   17.35       
47      8958685     40.49   19.03       7228901     33.14   15.58       7280308     33.16   15.58       16982       0.02    0.01        6942631     38.03   17.87       6924275     35.60   16.73       7037032     36.89   17.34       
48      9015160     39.89   19.15       7302641     32.79   15.74       7335988     32.71   15.70       13279       0.02    0.01        6957014     37.32   17.91       6977594     35.13   16.86       6807589     34.94   16.77       
