# Result from 11 repetitions: median
#   ./bin/node-0.ming589-190606.advosuwmadison-pg0.wisc.cloudlab.us/sq-ht./bin/node-0.ming589-190606.advosuwmadison-pg0.wisc.cloudlab.us/lb-ht_lazy_gl_no_ro./bin/node-0.ming589-190606.advosuwmadison-pg0.wisc.cloudlab.us/lb-ht_lazy_gl./bin/node-0.ming589-190606.advosuwmadison-pg0.wisc.cloudlab.us/lb-ht_pugh_gl_no_ro./bin/node-0.ming589-190606.advosuwmadison-pg0.wisc.cloudlab.us/lb-ht_pugh_gl./bin/node-0.ming589-190606.advosuwmadison-pg0.wisc.cloudlab.us/lb-ht_copy_no_ro./bin/node-0.ming589-190606.advosuwmadison-pg0.wisc.cloudlab.us/lb-ht_copy./bin/node-0.ming589-190606.advosuwmadison-pg0.wisc.cloudlab.us/lb-ht_java_no_ro./bin/node-0.ming589-190606.advosuwmadison-pg0.wisc.cloudlab.us/lb-ht_java
#co get_s     get_f     put_s     put_f     rem_s     rem_f     get_s     get_f     put_s     put_f     rem_s     rem_f     get_s     get_f     put_s     put_f     rem_s     rem_f     get_s     get_f     put_s     put_f     rem_s     rem_f     get_s     get_f     put_s     put_f     rem_s     rem_f     get_s     get_f     put_s     put_f     rem_s     rem_f     get_s     get_f     put_s     put_f     rem_s     rem_f     get_s     get_f     put_s     put_f     rem_s     rem_f     get_s     get_f     put_s     put_f     rem_s     rem_f     
1   34        77        154       41        47        76        39        83        125       98        99        98        39        84        132       39        108       80        37        81        123       100       101       99        36        81        126       33        107       82        48        55        90        85        97        89        54        58        111       52        113       66        28        28        65        52        58        49        30        30        80        37        81        34        
2   34        82        159       42        48        83        44        90        159       146       158       159       43        90        185       41        198       100       40        88        158       148       153       148       39        88        185       37        170       95        58        67        138       134       144       137       60        66        168       56        164       73        39        39        174       162       171       158       40        40        190       60        194       65        
3   36        84        161       44        50        86        46        93        168       161       175       178       43        92        203       42        225       110       42        89        167       161       167       162       40        89        203       37        188       96        59        68        151       148       155       150       60        68        183       56        178       73        43        42        211       194       207       191       40        40        227       65        231       68        
4   36        85        162       44        50        87        46        93        172       167       182       184       44        95        214       44        233       113       42        91        172       168       174       169       41        90        214       38        195       97        61        71        159       156       163       157       62        69        192       57        186       75        45        41        218       198       215       195       55        55        247       81        252       82        
5   36        87        164       45        51        89        47        94        176       171       186       188       44        96        221       44        236       113       43        93        177       173       179       174       42        92        221       39        200       99        64        73        163       161       167       163       64        71        199       59        193       77        49        46        223       204       220       201       58        58        252       82        257       82        
6   37        89        165       45        51        90        48        96        180       176       191       191       45        98        226       44        238       113       46        95        181       178       184       178       43        95        227       40        204       102       66        76        167       165       171       167       66        74        206       61        198       80        49        48        223       207       221       204       62        61        259       85        265       84        
7   38        91        168       47        53        93        50        99        182       179       193       193       46        100       230       45        239       116       46        97        182       180       186       180       59        111       246       56        222       118       76        86        179       178       183       178       80        88        221       75        214       94        50        49        224       208       222       205       47        47        246       73        252       75        
8   37        91        168       46        52        93        52        101       184       181       195       193       49        103       235       48        242       117       62        112       198       196       203       196       59        111       248       55        223       118       69        78        173       172       177       172       68        77        212       63        204       83        52        50        222       204       220       201       49        49        245       73        252       72        
9   38        93        169       47        53        94        66        116       200       197       212       209       62        118       251       62        256       132       48        99        185       184       190       183       47        100       239       43        213       106       70        80        175       174       178       174       69        77        215       63        207       83        56        52        228       209       227       206       49        49        249       73        256       73        
10  39        94        171       49        55        95        66        117       200       198       210       205       63        120       254       63        248       129       61        115       200       199       205       197       46        99        240       42        210       105       71        81        176       175       180       175       69        80        219       65        210       85        69        67        224       207       223       204       52        51        232       71        240       73        
11  52        121       199       63        69        122       81        146       249       250       270       255       63        134       304       62        308       146       64        130       235       238       249       228       76        143       318       69        290       148       97        112       231       220       234       224       98        109       289       87        276       115       91        86        261       242       262       239       79        78        294       97        315       95        
12  60        136       213       70        76        136       89        160       297       292       320       302       85        162       378       83        390       182       85        159       296       294       312       284       83        157       380       74        343       164       116       133       293       272       293       278       125       140       367       111       353       145       95        88        304       285       308       282       98        97        373       121       400       121       
13  62        142       217       71        77        141       82        154       326       314       349       327       87        168       424       85        440       190       77        153       326       317       339       307       76        153       418       66        377       160       127       146       345       316       344       324       120       139       409       106       394       142       115       110       373       353       378       350       95        93        427       118       458       117       
14  65        146       220       73        79        145       84        158       360       342       379       356       77        159       446       74        460       184       79        155       356       342       370       334       79        155       450       67        406       162       132       151       381       349       380       355       136       152       463       119       444       156       114       106       412       390       420       389       109       107       500       132       533       131       
15  66        148       221       73        80        146       93        169       390       368       405       381       79        162       473       76        481       186       85        163       386       368       396       359       88        166       484       77        433       173       142       162       415       380       415       386       128       146       479       112       461       150       131       123       454       432       464       431       111       109       539       129       573       127       
16  67        149       222       74        80        147       86        162       398       373       411       385       87        170       495       84        497       194       85        162       400       379       408       371       79        156       490       66        438       163       137       156       426       389       425       393       131       145       497       111       480       150       127       114       469       446       480       445       116       114       564       133       600       131       
17  67        151       223       75        81        147       94        169       413       387       426       398       83        167       501       80        501       192       90        167       415       392       419       382       83        161       504       71        451       168       137       157       437       398       436       404       129       148       510       112       491       151       135       128       491       469       504       468       110       108       576       127       612       125       
18  68        151       224       75        81        148       90        166       415       388       427       397       84        168       509       80        506       194       89        167       420       396       427       388       86        164       514       74        458       171       137       157       444       404       443       410       137       157       525       121       504       160       131       126       495       472       508       471       117       115       589       132       626       130       
19  68        152       225       75        82        148       92        167       419       392       432       401       85        169       513       82        507       192       89        168       422       398       427       389       87        163       516       74        461       170       137       157       447       406       446       410       142       156       530       121       511       160       135       131       506       482       519       481       118       115       596       133       634       130       
20  68        152       225       75        81        148       91        167       419       392       431       400       86        171       517       84        505       192       88        167       421       397       426       388       87        165       518       75        461       171       144       165       454       413       453       418       138       157       528       122       509       161       137       131       506       483       521       481       118       116       596       131       636       130       
21  69        152       225       76        83        148       97        173       424       398       436       404       85        170       513       82        503       190       90        169       421       400       432       391       83        160       512       70        458       167       145       166       456       416       455       421       140       155       532       121       512       159       137       131       507       483       522       482       120       114       597       131       637       127       
22  69        151       225       76        82        147       96        170       420       397       435       403       90        172       514       86        503       189       90        171       420       401       431       391       89        168       516       76        464       173       141       161       451       411       450       416       140       155       531       121       513       160       134       125       503       479       519       478       116       108       591       126       632       122       
23  71        152       225       77        84        148       98        172       419       398       436       401       95        177       516       91        504       192       90        171       417       400       432       390       91        169       515       78        468       175       148       167       455       417       454       422       135       151       529       117       510       155       136       123       503       478       520       479       118       106       589       126       633       120       
24  72        152       226       78        85        148       98        171       415       396       434       398       93        173       508       88        495       185       91        172       416       400       433       390       92        171       512       78        466       175       146       163       449       411       449       417       136       152       529       118       509       155       143       127       507       481       524       482       120       106       590       127       634       122       
25  72        152       225       78        85        148       91        164       404       387       425       388       90        170       501       86        488       182       90        172       411       397       429       387       87        167       504       74        461       171       151       168       453       416       454       420       139       151       530       117       511       154       140       122       504       478       522       480       126       110       592       132       639       125       
26  74        153       226       79        86        149       100       173       410       394       432       394       96        173       501       91        488       183       95        176       411       399       430       388       95        174       506       80        465       177       145       161       443       407       443       412       146       161       538       127       517       164       144       123       500       474       519       477       127       108       585       131       633       123       
27  73        151       225       78        85        147       102       174       407       393       431       392       97        174       498       92        487       183       95        176       408       397       427       385       94        174       502       80        464       177       152       167       446       410       447       415       149       162       536       128       517       164       145       122       498       471       517       474       126       106       585       130       634       122       
28  74        152       226       79        87        148       102       174       402       390       428       388       98        173       495       92        483       181       95        177       402       393       424       381       95        175       498       81        462       177       156       169       445       411       446       415       145       159       532       125       512       160       145       121       498       471       518       474       127       105       583       130       633       120       
29  75        152       226       80        88        148       105       176       400       389       428       386       100       175       491       94        479       181       95        177       398       390       421       378       95        175       495       81        461       177       154       168       438       404       439       410       148       159       534       127       515       161       150       122       493       466       513       470       128       104       581       129       632       118       
30  76        152       226       80        88        148       103       174       396       386       425       382       99        174       487       93        475       179       96        178       396       390       420       377       94        175       491       80        458       177       154       167       432       399       434       404       150       161       533       129       513       163       146       118       490       462       511       466       129       103       575       129       626       118       
31  76        152       226       81        89        148       105       175       402       392       431       388       101       175       493       94        482       179       88        169       395       389       421       376       96        177       498       82        466       179       148       161       438       404       440       410       147       160       541       126       521       161       149       118       503       475       526       480       133       104       585       129       637       117       
32  77        152       226       81        89        147       105       174       406       396       435       392       100       174       499       94        486       178       98        178       408       402       434       390       97        176       499       81        470       177       155       167       451       417       454       424       145       158       547       125       526       159       155       121       516       487       539       493       135       103       596       128       650       115       
33  77        152       226       81        89        147       105       175       412       403       443       399       99        172       503       92        490       176       96        177       412       406       437       393       96        176       507       80        477       177       156       168       457       424       460       430       143       154       552       121       532       155       154       117       523       495       548       500       134       100       607       126       663       112       
34  77        152       226       80        89        147       103       173       412       403       443       399       94        165       498       86        486       168       96        177       415       409       441       397       95        176       509       79        479       176       158       170       465       432       467       436       150       159       562       127       542       160       156       114       534       507       560       511       135       99        617       124       673       109       
35  79        153       227       82        90        148       105       174       417       409       449       404       102       173       507       93        494       175       97        177       416       411       443       398       94        175       509       78        481       175       158       169       467       433       470       440       148       159       570       126       549       160       157       115       541       512       568       519       140       101       626       128       684       112       
36  79        153       226       82        90        147       105       174       419       411       451       406       95        166       503       87        491       167       96        176       416       413       446       400       96        176       512       80        485       176       156       167       469       436       472       441       152       162       576       128       555       162       157       114       544       515       572       522       138       98        627       124       686       107       
37  80        153       227       82        91        148       105       173       418       411       452       406       96        166       504       88        492       167       95        175       417       413       446       401       94        174       512       77        486       174       157       168       471       438       474       443       148       157       575       123       554       157       158       113       550       520       579       528       139       97        631       123       689       107       
38  81        153       227       82        91        147       103       170       416       409       450       404       101       171       510       92        498       171       95        176       418       415       448       402       95        176       513       78        488       175       157       167       471       438       474       444       150       160       578       127       557       160       159       112       553       523       583       531       138       95        633       122       694       104       
39  80        152       226       81        91        147       104       172       418       412       453       407       102       172       511       94        499       172       96        177       419       416       449       403       95        177       515       78        490       176       154       164       468       435       472       442       151       160       581       127       560       160       161       112       559       529       590       538       138       92        640       120       700       101       
40  82        153       227       83        92        147       104       171       417       412       453       405       101       170       510       92        498       170       96        177       420       417       451       404       94        174       515       77        492       174       159       168       474       441       478       447       149       160       583       126       562       159       159       109       564       534       596       543       141       94        647       121       708       102       
41  87        159       234       91        99        150       107       181       570       562       607       529       108       182       567       211       532       265       106       185       584       563       607       548       98        178       547       203       534       288       172       183       769       722       754       727       169       177       662       256       632       222       170       117       1155      1126      1203      1082      148       99        1015      214       1056      173       
42  90        162       247       88        101       161       113       193       907       713       836       755       111       192       704       453       586       464       110       186       933       815       878       789       110       187       708       432       569       400       186       199       1310      1230      1322      1294      181       190       812       404       780       583       178       120       1794      1921      1879      1886      153       100       1489      263       1498      233       
43  97        169       257       96        106       162       118       201       1169      1034      1117      965       113       203       885       716       646       587       117       192       1064      1054      1064      1067      115       193       855       562       621       610       188       202       1852      1836      1837      1801      182       194       918       906       834       710       181       127       2359      2315      2284      2288      164       106       1956      378       2082      398       
44  103       173       243       101       124       168       118       210       1520      1412      1477      1429      117       210       923       1030      670       728       125       197       1536      1425      1453      1433      122       198       890       1164      628       751       201       208       2759      2576      2648      2548      185       198       1094      1086      1064      1077      193       127       3190      2990      3261      3192      170       110       2289      509       2327      454       
45  108       175       272       106       117       182       117       218       2277      1833      2040      1903      118       220       1167      1521      798       1109      131       206       2041      1775      1857      1812      128       206       1293      1382      769       1183      203       218       4119      3801      3935      3856      197       205       1080      1316      1054      1445      201       137       4327      4219      4329      4004      181       114       2637      630       2900      621       
46  113       179       271       108       129       182       124       230       2204      1921      2042      1906      121       231       1129      1265      784       1054      136       210       2129      1888      2012      1989      135       209       1122      1209      790       897       211       222       4129      4001      4087      3829      202       210       1287      1438      1201      986       211       149       4437      4502      4669      4479      185       122       3102      757       3247      716       
47  117       184       267       123       143       183       129       244       2670      2284      2517      2455      121       236       1177      1465      834       1337      146       215       2708      2401      2493      2371      146       213       1178      1516      864       1348      221       236       4706      4391      4580      4616      209       218       1321      1741      1299      1930      220       148       5204      5057      5333      5040      187       129       3457      914       3458      762       
48  120       187       278       117       149       200       131       248       3127      2907      2896      2940      127       254       1701      2099      912       1251      156       218       2932      2876      2926      2917      151       222       1193      2334      879       1618      231       244       7554      7074      6958      7177      221       225       1573      2263      1477      2062      233       158       6091      5636      6285      6196      200       131       3519      1045      3599      899       
