# Result from 11 repetitions: median
#       ./bin/node-0.ming589-190606.advosuwmadison-pg0.wisc.cloudlab.us/sq-bst_internal./bin/node-0.ming589-190606.advosuwmadison-pg0.wisc.cloudlab.us/sq-bst_external./bin/node-0.ming589-190606.advosuwmadison-pg0.wisc.cloudlab.us/lb-bst_bronson./bin/node-0.ming589-190606.advosuwmadison-pg0.wisc.cloudlab.us/lb-bst-drachsler./bin/node-0.ming589-190606.advosuwmadison-pg0.wisc.cloudlab.us/lf-bst_ellen./bin/node-0.ming589-190606.advosuwmadison-pg0.wisc.cloudlab.us/lf-bst-howley./bin/node-0.ming589-190606.advosuwmadison-pg0.wisc.cloudlab.us/lf-bst-aravind
#cores  throughput  %linear scalability throughput  %linear scalability throughput  %linear scalability throughput  %linear scalability throughput  %linear scalability throughput  %linear scalability throughput  %linear scalability 
1       7567144     100.00  1           8902132     100.00  1           5204904     100.00  1           9955160     100.00  1           4765949     100.00  1           5911102     100.00  1           6243961     100.00  1           
2       13719752    90.65   1.81        16528167    92.83   1.86        9165156     88.04   1.76        14534864    73.00   1.46        8707411     91.35   1.83        10762018    91.03   1.82        11460105    91.77   1.84        
3       19393817    85.43   2.56        24038348    90.01   2.70        13197757    84.52   2.54        19386438    64.91   1.95        12783389    89.41   2.68        15250631    86.00   2.58        16816653    89.78   2.69        
4       25015392    82.64   3.31        31339589    88.01   3.52        17128826    82.27   3.29        24444597    61.39   2.46        16760035    87.92   3.52        19485247    82.41   3.30        21948355    87.88   3.52        
5       30364402    80.25   4.01        39197418    88.06   4.40        20923995    80.40   4.02        29029702    58.32   2.92        20682130    86.79   4.34        23832050    80.63   4.03        26905835    86.18   4.31        
6       36012413    79.32   4.76        46284387    86.65   5.20        24640565    78.90   4.73        33634452    56.31   3.38        24657781    86.23   5.17        27830320    78.47   4.71        32003343    85.42   5.13        
7       41041945    77.48   5.42        53120648    85.25   5.97        28338032    77.78   5.44        37741127    54.16   3.79        28094206    84.21   5.89        31890238    77.07   5.39        36646949    83.85   5.87        
8       46268901    76.43   6.11        60352252    84.74   6.78        31978043    76.80   6.14        42445404    53.30   4.26        31856529    83.55   6.68        35703220    75.50   6.04        41651298    83.38   6.67        
9       51665221    75.86   6.83        67333782    84.04   7.56        35540407    75.87   6.83        46400989    51.79   4.66        35701996    83.23   7.49        39856362    74.92   6.74        46104975    82.04   7.38        
10      56749058    74.99   7.50        73472134    82.53   8.25        39289283    75.49   7.55        50836746    51.07   5.11        39578917    83.05   8.30        43645200    73.84   7.38        51262495    82.10   8.21        
11      52940748    63.60   7.00        67393818    68.82   7.57        36047562    62.96   6.93        42583923    38.89   4.28        36740483    70.08   7.71        40937862    62.96   6.93        46804582    68.15   7.50        
12      54516800    60.04   7.20        68205797    63.85   7.66        35818738    57.35   6.88        41053964    34.37   4.12        37189632    65.03   7.80        41445910    58.43   7.01        46855999    62.54   7.50        
13      57212767    58.16   7.56        72031999    62.24   8.09        36828071    54.43   7.08        41797873    32.30   4.20        38557909    62.23   8.09        43292445    56.34   7.32        48566185    59.83   7.78        
14      60811266    57.40   8.04        75672130    60.72   8.50        38392760    52.69   7.38        43114152    30.93   4.33        40778245    61.12   8.56        45169130    54.58   7.64        51364306    58.76   8.23        
15      64314167    56.66   8.50        80367607    60.19   9.03        40385250    51.73   7.76        44774074    29.98   4.50        42978975    60.12   9.02        47531535    53.61   8.04        54198367    57.87   8.68        
16      67951793    56.12   8.98        85276536    59.87   9.58        42350829    50.85   8.14        46774172    29.37   4.70        45192400    59.26   9.48        49805449    52.66   8.43        57091429    57.15   9.14        
17      71418943    55.52   9.44        90349467    59.70   10.15       44482086    50.27   8.55        48950625    28.92   4.92        47697255    58.87   10.01       52547672    52.29   8.89        59916343    56.45   9.60        
18      75269521    55.26   9.95        94636435    59.06   10.63       46606648    49.75   8.95        50770314    28.33   5.10        50497733    58.86   10.60       54818641    51.52   9.27        62920163    55.98   10.08       
19      78950002    54.91   10.43       98804809    58.42   11.10       48866080    49.41   9.39        53002291    28.02   5.32        53068919    58.61   11.14       56877051    50.64   9.62        66227255    55.82   10.61       
20      82544986    54.54   10.91       104761329   58.84   11.77       51140332    49.13   9.83        54955988    27.60   5.52        55492768    58.22   11.64       58644533    49.61   9.92        69126150    55.35   11.07       
21      85299433    53.68   11.27       106820003   57.14   12.00       53294956    48.76   10.24       56263919    26.91   5.65        57245680    57.20   12.01       60472661    48.72   10.23       71479926    54.51   11.45       
22      87952791    52.83   11.62       110398321   56.37   12.40       55458322    48.43   10.66       57672634    26.33   5.79        59166368    56.43   12.41       62208937    47.84   10.52       73552241    53.54   11.78       
23      90384206    51.93   11.94       113809866   55.59   12.78       57538565    48.06   11.05       59567762    26.02   5.98        60614567    55.30   12.72       63834615    46.95   10.80       75555998    52.61   12.10       
24      92826565    51.11   12.27       117358178   54.93   13.18       59810605    47.88   11.49       61018191    25.54   6.13        62768597    54.88   13.17       65012179    45.83   11.00       77924045    52.00   12.48       
25      95557386    50.51   12.63       122442576   55.02   13.75       62073626    47.70   11.93       62155006    24.97   6.24        64412667    54.06   13.52       66739757    45.16   11.29       80526708    51.59   12.90       
26      98293587    49.96   12.99       124055474   53.60   13.94       64328670    47.54   12.36       63776428    24.64   6.41        66516756    53.68   13.96       68266768    44.42   11.55       82474768    50.80   13.21       
27      100625546   49.25   13.30       129842324   54.02   14.59       66506891    47.32   12.78       65071615    24.21   6.54        68259683    53.05   14.32       69585848    43.60   11.77       84505742    50.13   13.53       
28      103111900   48.67   13.63       132629544   53.21   14.90       68817750    47.22   13.22       66204996    23.75   6.65        69910489    52.39   14.67       70753209    42.75   11.97       86973997    49.75   13.93       
29      105822800   48.22   13.98       135053259   52.31   15.17       71068402    47.08   13.65       67958675    23.54   6.83        71688863    51.87   15.04       72143990    42.09   12.20       89234628    49.28   14.29       
30      108240841   47.68   14.30       138238973   51.76   15.53       73187707    46.87   14.06       68752658    23.02   6.91        73650110    51.51   15.45       73609479    41.51   12.45       91209091    48.69   14.61       
31      110938117   47.29   14.66       141274068   51.19   15.87       75149214    46.57   14.44       70630441    22.89   7.09        75030465    50.78   15.74       74873066    40.86   12.67       93566799    48.34   14.99       
32      113443071   46.85   14.99       144811604   50.83   16.27       77038761    46.25   14.80       71636632    22.49   7.20        76975741    50.47   16.15       76403319    40.39   12.93       95804806    47.95   15.34       
33      116103670   46.49   15.34       148068540   50.40   16.63       79012835    46.00   15.18       73410328    22.35   7.37        78376578    49.83   16.45       77292811    39.62   13.08       97912615    47.52   15.68       
34      118081955   45.90   15.60       151456146   50.04   17.01       80844185    45.68   15.53       74436311    21.99   7.48        80337530    49.58   16.86       78586949    39.10   13.29       99891597    47.05   16.00       
35      120837803   45.62   15.97       157281318   50.48   17.67       83051351    45.59   15.96       75513289    21.67   7.59        82190137    49.27   17.25       79472502    38.41   13.44       101994789   46.67   16.33       
36      123265023   45.25   16.29       159313464   49.71   17.90       85070012    45.40   16.34       77113997    21.52   7.75        83385839    48.60   17.50       80940799    38.04   13.69       104172645   46.34   16.68       
37      125999630   45.00   16.65       161615875   49.07   18.15       87174444    45.27   16.75       77999675    21.18   7.84        85678476    48.59   17.98       81753496    37.38   13.83       106199968   45.97   17.01       
38      128238451   44.60   16.95       165997876   49.07   18.65       89219469    45.11   17.14       79469038    21.01   7.98        87714898    48.43   18.40       83000279    36.95   14.04       108921013   45.91   17.44       
39      130906794   44.36   17.30       168503726   48.53   18.93       91191092    44.92   17.52       80981243    20.86   8.13        88402101    47.56   18.55       83448628    36.20   14.12       110825952   45.51   17.75       
40      133643699   44.15   17.66       172377746   48.41   19.36       93360239    44.84   17.94       82374010    20.69   8.27        90167325    47.30   18.92       84841921    35.88   14.35       112463869   45.03   18.01       
41      133898905   43.16   17.69       171754483   47.06   19.29       85506753    40.07   16.43       76152315    18.66   7.65        87334835    44.69   18.32       84354002    34.81   14.27       110878346   43.31   17.76       
42      133838001   42.11   17.69       172103886   46.03   19.33       77455818    35.43   14.88       69020767    16.51   6.93        85594339    42.76   17.96       79947365    32.20   13.52       112136280   42.76   17.96       
43      134327702   41.28   17.75       173548746   45.34   19.50       72019630    32.18   13.84       63022340    14.72   6.33        85895756    41.91   18.02       77519915    30.50   13.11       112157802   41.77   17.96       
44      134262091   40.32   17.74       172238397   43.97   19.35       64810258    28.30   12.45       58113590    13.27   5.84        83605140    39.87   17.54       74302376    28.57   12.57       110218403   40.12   17.65       
45      133894262   39.32   17.69       171815407   42.89   19.30       59960246    25.60   11.52       51100070    11.41   5.13        81759839    38.12   17.15       72340410    27.20   12.24       108528449   38.63   17.38       
46      133532140   38.36   17.65       172780847   42.19   19.41       57136924    23.86   10.98       51919637    11.34   5.22        82213219    37.50   17.25       71776687    26.40   12.14       107626569   37.47   17.24       
47      133903186   37.65   17.70       170120125   40.66   19.11       52756382    21.57   10.14       45996437    9.83    4.62        81294274    36.29   17.06       71963639    25.90   12.17       105075865   35.81   16.83       
48      134224172   36.95   17.74       172184677   40.30   19.34       50124428    20.06   9.63        42228863    8.84    4.24        80009206    34.97   16.79       68818927    24.25   11.64       103861835   34.65   16.63       
